{
 "cells": [
  {
   "cell_type": "code",
   "execution_count": 3,
   "metadata": {},
   "outputs": [
    {
     "data": {
      "text/html": [
       "<div>\n",
       "<style scoped>\n",
       "    .dataframe tbody tr th:only-of-type {\n",
       "        vertical-align: middle;\n",
       "    }\n",
       "\n",
       "    .dataframe tbody tr th {\n",
       "        vertical-align: top;\n",
       "    }\n",
       "\n",
       "    .dataframe thead th {\n",
       "        text-align: right;\n",
       "    }\n",
       "</style>\n",
       "<table border=\"1\" class=\"dataframe\">\n",
       "  <thead>\n",
       "    <tr style=\"text-align: right;\">\n",
       "      <th></th>\n",
       "      <th>danceability</th>\n",
       "      <th>energy</th>\n",
       "      <th>loudness</th>\n",
       "      <th>speechiness</th>\n",
       "      <th>acousticness</th>\n",
       "      <th>instrumentalness</th>\n",
       "      <th>liveness</th>\n",
       "      <th>valence</th>\n",
       "      <th>tempo</th>\n",
       "    </tr>\n",
       "  </thead>\n",
       "  <tbody>\n",
       "    <tr>\n",
       "      <th>danceability</th>\n",
       "      <td>1.000000</td>\n",
       "      <td>0.111288</td>\n",
       "      <td>0.279554</td>\n",
       "      <td>0.240568</td>\n",
       "      <td>-0.198204</td>\n",
       "      <td>-0.255611</td>\n",
       "      <td>-0.065533</td>\n",
       "      <td>0.401379</td>\n",
       "      <td>-0.048626</td>\n",
       "    </tr>\n",
       "    <tr>\n",
       "      <th>energy</th>\n",
       "      <td>0.111288</td>\n",
       "      <td>1.000000</td>\n",
       "      <td>0.730303</td>\n",
       "      <td>0.041869</td>\n",
       "      <td>-0.661664</td>\n",
       "      <td>-0.230733</td>\n",
       "      <td>0.195084</td>\n",
       "      <td>0.382385</td>\n",
       "      <td>0.180424</td>\n",
       "    </tr>\n",
       "    <tr>\n",
       "      <th>loudness</th>\n",
       "      <td>0.279554</td>\n",
       "      <td>0.730303</td>\n",
       "      <td>1.000000</td>\n",
       "      <td>0.010199</td>\n",
       "      <td>-0.553081</td>\n",
       "      <td>-0.503280</td>\n",
       "      <td>0.105026</td>\n",
       "      <td>0.342418</td>\n",
       "      <td>0.156678</td>\n",
       "    </tr>\n",
       "    <tr>\n",
       "      <th>speechiness</th>\n",
       "      <td>0.240568</td>\n",
       "      <td>0.041869</td>\n",
       "      <td>0.010199</td>\n",
       "      <td>1.000000</td>\n",
       "      <td>-0.081023</td>\n",
       "      <td>-0.113135</td>\n",
       "      <td>0.088371</td>\n",
       "      <td>0.044025</td>\n",
       "      <td>0.090070</td>\n",
       "    </tr>\n",
       "    <tr>\n",
       "      <th>acousticness</th>\n",
       "      <td>-0.198204</td>\n",
       "      <td>-0.661664</td>\n",
       "      <td>-0.553081</td>\n",
       "      <td>-0.081023</td>\n",
       "      <td>1.000000</td>\n",
       "      <td>0.240819</td>\n",
       "      <td>-0.117684</td>\n",
       "      <td>-0.170660</td>\n",
       "      <td>-0.156254</td>\n",
       "    </tr>\n",
       "    <tr>\n",
       "      <th>instrumentalness</th>\n",
       "      <td>-0.255611</td>\n",
       "      <td>-0.230733</td>\n",
       "      <td>-0.503280</td>\n",
       "      <td>-0.113135</td>\n",
       "      <td>0.240819</td>\n",
       "      <td>1.000000</td>\n",
       "      <td>-0.013835</td>\n",
       "      <td>-0.187996</td>\n",
       "      <td>-0.071351</td>\n",
       "    </tr>\n",
       "    <tr>\n",
       "      <th>liveness</th>\n",
       "      <td>-0.065533</td>\n",
       "      <td>0.195084</td>\n",
       "      <td>0.105026</td>\n",
       "      <td>0.088371</td>\n",
       "      <td>-0.117684</td>\n",
       "      <td>-0.013835</td>\n",
       "      <td>1.000000</td>\n",
       "      <td>0.026251</td>\n",
       "      <td>0.012585</td>\n",
       "    </tr>\n",
       "    <tr>\n",
       "      <th>valence</th>\n",
       "      <td>0.401379</td>\n",
       "      <td>0.382385</td>\n",
       "      <td>0.342418</td>\n",
       "      <td>0.044025</td>\n",
       "      <td>-0.170660</td>\n",
       "      <td>-0.187996</td>\n",
       "      <td>0.026251</td>\n",
       "      <td>1.000000</td>\n",
       "      <td>0.068748</td>\n",
       "    </tr>\n",
       "    <tr>\n",
       "      <th>tempo</th>\n",
       "      <td>-0.048626</td>\n",
       "      <td>0.180424</td>\n",
       "      <td>0.156678</td>\n",
       "      <td>0.090070</td>\n",
       "      <td>-0.156254</td>\n",
       "      <td>-0.071351</td>\n",
       "      <td>0.012585</td>\n",
       "      <td>0.068748</td>\n",
       "      <td>1.000000</td>\n",
       "    </tr>\n",
       "  </tbody>\n",
       "</table>\n",
       "</div>"
      ],
      "text/plain": [
       "                  danceability    energy  loudness  speechiness  acousticness  \\\n",
       "danceability          1.000000  0.111288  0.279554     0.240568     -0.198204   \n",
       "energy                0.111288  1.000000  0.730303     0.041869     -0.661664   \n",
       "loudness              0.279554  0.730303  1.000000     0.010199     -0.553081   \n",
       "speechiness           0.240568  0.041869  0.010199     1.000000     -0.081023   \n",
       "acousticness         -0.198204 -0.661664 -0.553081    -0.081023      1.000000   \n",
       "instrumentalness     -0.255611 -0.230733 -0.503280    -0.113135      0.240819   \n",
       "liveness             -0.065533  0.195084  0.105026     0.088371     -0.117684   \n",
       "valence               0.401379  0.382385  0.342418     0.044025     -0.170660   \n",
       "tempo                -0.048626  0.180424  0.156678     0.090070     -0.156254   \n",
       "\n",
       "                  instrumentalness  liveness   valence     tempo  \n",
       "danceability             -0.255611 -0.065533  0.401379 -0.048626  \n",
       "energy                   -0.230733  0.195084  0.382385  0.180424  \n",
       "loudness                 -0.503280  0.105026  0.342418  0.156678  \n",
       "speechiness              -0.113135  0.088371  0.044025  0.090070  \n",
       "acousticness              0.240819 -0.117684 -0.170660 -0.156254  \n",
       "instrumentalness          1.000000 -0.013835 -0.187996 -0.071351  \n",
       "liveness                 -0.013835  1.000000  0.026251  0.012585  \n",
       "valence                  -0.187996  0.026251  1.000000  0.068748  \n",
       "tempo                    -0.071351  0.012585  0.068748  1.000000  "
      ]
     },
     "execution_count": 3,
     "metadata": {},
     "output_type": "execute_result"
    }
   ],
   "source": [
    "import pandas as pd\n",
    "import matplotlib.pyplot as plt \n",
    "import numpy as np  \n",
    "\n",
    "df = pd.read_pickle('./fast.pkl')\n",
    "df.corr()"
   ]
  },
  {
   "cell_type": "code",
   "execution_count": null,
   "metadata": {},
   "outputs": [],
   "source": []
  }
 ],
 "metadata": {
  "kernelspec": {
   "display_name": "Python 3",
   "language": "python",
   "name": "python3"
  },
  "language_info": {
   "codemirror_mode": {
    "name": "ipython",
    "version": 3
   },
   "file_extension": ".py",
   "mimetype": "text/x-python",
   "name": "python",
   "nbconvert_exporter": "python",
   "pygments_lexer": "ipython3",
   "version": "3.9.6"
  },
  "orig_nbformat": 4,
  "vscode": {
   "interpreter": {
    "hash": "7812ea015bdcee6f23a998adcdd2ef97c151c0c241b7b7070987d9313e41299d"
   }
  }
 },
 "nbformat": 4,
 "nbformat_minor": 2
}
